14
3 166 229 335 499 469 322 20 286 245 83 156 0
292 668 939 121 672 477 966 388 65 135 839 247 905 725 0
1878 173 1826 745 1510 0
187 463 428 432 34 72 379 200 218 201 157 278 25 395 0
855 631 252 78 511 977 159 69 891 245 0
500 423 263 175 373 179 94 407 250 473 94 467 162 250 233 0
481 405 48 284 18 86 28 506 0
220 144 21 24 138 232 155 225 0
993 6963 7187 16115 9949 5744 4894 1554 13177 10841 5788 0
913 607 995 1257 715 971 1916 962 680 1017 1123 866 69 0
234 22 251 249 131 107 245 30 197 0
293 469 289 161 188 5 312 0
3924 1336 2286 1750 2694 224 3995 330 361 1749 436 4092 2090 342 0
128 237 35 68 46 89 214 25 233 38 118 235 194 81 138 0
